# --- Hyperparameters ---
# GAMMA: 0.99
# EPS_START: 1
# EPS_END: 0.01
# BATCH_SIZE: 64
# LR: 0.0005
# Total Episodes: 3000
# -----------------------

Episode	Current_Lifespan	Elapsed_Time_perStep(s)	Total_Elapsed_Time(s)
1         	31        	0.5293    	0.5293    
2         	21        	0.0002    	0.5296    
3         	12        	0.0308    	0.5604    
4         	10        	0.0023    	0.5627    
5         	12        	0.0030    	0.5657    
6         	13        	0.1820    	0.7477    
7         	20        	0.0060    	0.7537    
8         	29        	0.0098    	0.7634    
9         	13        	0.0043    	0.7677    
10        	12        	0.0038    	0.7715    
11        	14        	0.1958    	0.9673    
12        	13        	0.0077    	0.9752    
13        	56        	0.0118    	0.9870    
14        	15        	0.0027    	0.9897    
15        	21        	0.0058    	0.9954    
16        	13        	0.1715    	1.1669    
17        	20        	0.0101    	1.1771    
18        	14        	0.0052    	1.1822    
19        	20        	0.0086    	1.1908    
20        	12        	0.0040    	1.1948    
21        	11        	0.1426    	1.3374    
22        	10        	0.0029    	1.3404    
23        	14        	0.0024    	1.3428    
24        	23        	0.0046    	1.3474    
25        	20        	0.0038    	1.3513    
26        	47        	0.7084    	2.0597    
27        	16        	0.0033    	2.0630    
28        	14        	0.0025    	2.0655    
29        	22        	0.0055    	2.0710    
30        	16        	0.0038    	2.0748    
31        	12        	0.1733    	2.2481    
32        	13        	0.0025    	2.2508    
33        	13        	0.0024    	2.2532    
34        	14        	0.0047    	2.2580    
35        	27        	0.0089    	2.2668    
36        	30        	0.4334    	2.7002    
37        	10        	0.0025    	2.7027    
38        	11        	0.0029    	2.7056    
39        	13        	0.0028    	2.7084    
40        	43        	0.0110    	2.7194    
41        	19        	1.2869    	4.0064    
42        	10        	0.0034    	4.0136    
43        	11        	0.0040    	4.0175    
44        	9         	0.0026    	4.0201    
45        	17        	0.0063    	4.0264    
46        	12        	0.1696    	4.1960    
47        	13        	0.0026    	4.1985    
48        	29        	0.0056    	4.2041    
49        	9         	0.0015    	4.2056    
50        	31        	0.0064    	4.2120    
51        	16        	0.2344    	4.4464    
52        	12        	0.0060    	4.4547    
53        	11        	0.0049    	4.4596    
54        	10        	0.0016    	4.4611    
55        	11        	0.0027    	4.4638    
56        	15        	0.2012    	4.6650    
57        	12        	0.0034    	4.6684    
58        	14        	0.0028    	4.6712    
59        	9         	0.0030    	4.6742    
60        	33        	0.0074    	4.6816    
61        	9         	0.1091    	4.7907    
62        	13        	0.0037    	4.7945    
63        	12        	0.0025    	4.7970    
64        	14        	0.0034    	4.8003    
65        	11        	0.0024    	4.8027    
66        	10        	0.1304    	4.9331    
67        	11        	0.0059    	4.9390    
68        	16        	0.0037    	4.9427    
69        	23        	0.0047    	4.9474    
70        	23        	0.0047    	4.9521    
71        	17        	0.2495    	5.2016    
72        	12        	0.0027    	5.2045    
73        	17        	0.0049    	5.2094    
74        	13        	0.0051    	5.2145    
75        	13        	0.0045    	5.2190    
76        	16        	0.2328    	5.4518    
77        	11        	0.0063    	5.4580    
78        	10        	0.0054    	5.4634    
79        	9         	0.0036    	5.4671    
80        	12        	0.0056    	5.4727    
81        	16        	0.2321    	5.7048    
82        	12        	0.0058    	5.7107    
83        	12        	0.0037    	5.7145    
84        	9         	0.0017    	5.7162    
85        	13        	0.0024    	5.7186    
86        	10        	0.1413    	5.8599    
87        	13        	0.0054    	5.8653    
88        	16        	0.0069    	5.8723    
89        	13        	0.0033    	5.8756    
90        	14        	0.0042    	5.8798    
91        	11        	0.1531    	6.0329    
92        	13        	0.0031    	6.0362    
93        	11        	0.0029    	6.0390    
94        	28        	0.0063    	6.0453    
95        	13        	0.0028    	6.0481    
96        	10        	0.1411    	6.1892    
97        	11        	0.0036    	6.1928    
98        	10        	0.0027    	6.1955    
99        	12        	0.0046    	6.2002    
100       	9         	0.0017    	6.2019    
101       	15        	0.2099    	6.4117    
102       	10        	0.0040    	6.4180    
103       	11        	0.0054    	6.4233    
104       	15        	0.0068    	6.4301    
105       	15        	0.0026    	6.4327    
106       	15        	0.2137    	6.6465    
107       	13        	0.0059    	6.6523    
108       	12        	0.0027    	6.6550    
109       	19        	0.0043    	6.6592    
110       	20        	0.0042    	6.6635    
111       	12        	0.1710    	6.8345    
112       	11        	0.0051    	6.8397    
113       	11        	0.0028    	6.8425    
114       	11        	0.0017    	6.8442    
115       	10        	0.0024    	6.8466    
116       	13        	0.1771    	7.0237    
117       	8         	0.0020    	7.0257    
118       	8         	0.0017    	7.0274    
119       	18        	0.0040    	7.0315    
120       	10        	0.0016    	7.0331    
121       	18        	0.2600    	7.2931    
122       	17        	0.0041    	7.2974    
123       	11        	0.0029    	7.3002    
124       	14        	0.0028    	7.3030    
125       	14        	0.0040    	7.3070    
126       	13        	0.1880    	7.4950    
127       	16        	0.0039    	7.4989    
128       	12        	0.0026    	7.5016    
129       	11        	0.0024    	7.5040    
130       	22        	0.0042    	7.5082    
131       	17        	0.2238    	7.7320    
132       	14        	0.0046    	7.7367    
133       	34        	0.0083    	7.7451    
134       	15        	0.0050    	7.7501    
135       	11        	0.0024    	7.7525    
136       	14        	0.1988    	7.9512    
137       	9         	0.0057    	7.9570    
138       	13        	0.0038    	7.9608    
139       	17        	0.0033    	7.9641    
140       	12        	0.0026    	7.9667    
141       	12        	0.1573    	8.1240    
142       	12        	0.0032    	8.1274    
143       	9         	0.0017    	8.1291    
144       	9         	0.0027    	8.1318    
145       	9         	0.0017    	8.1334    
146       	10        	0.1323    	8.2657    
147       	15        	0.0039    	8.2696    
148       	10        	0.0028    	8.2724    
149       	12        	0.0031    	8.2754    
150       	10        	0.0020    	8.2775    
151       	27        	0.3975    	8.6750    
152       	23        	0.0107    	8.6882    
153       	16        	0.0042    	8.6924    
154       	12        	0.0030    	8.6954    
155       	14        	0.0030    	8.6984    
156       	10        	0.1339    	8.8323    
157       	35        	0.0150    	8.8473    
158       	16        	0.0051    	8.8524    
159       	14        	0.0033    	8.8557    
160       	10        	0.0022    	8.8579    
161       	13        	0.1771    	9.0350    
162       	18        	0.0046    	9.0398    
163       	85        	0.0202    	9.0601    
164       	19        	0.0047    	9.0647    
165       	16        	0.0039    	9.0686    
166       	119       	1.8392    	10.9078   
167       	16        	0.0071    	10.9150   
168       	91        	0.0258    	10.9408   
169       	45        	0.0109    	10.9517   
170       	57        	0.0140    	10.9657   
171       	67        	1.0273    	11.9930   
172       	129       	0.0374    	12.0307   
173       	116       	0.0302    	12.0608   
174       	95        	0.0228    	12.0836   
175       	70        	0.0166    	12.1003   
176       	96        	1.4681    	13.5684   
177       	150       	0.0377    	13.6060   
178       	104       	0.0250    	13.6310   
179       	201       	0.0510    	13.6821   
180       	39        	0.0087    	13.6908   
181       	130       	2.0218    	15.7125   
182       	148       	0.0406    	15.7533   
183       	113       	0.0308    	15.7841   
184       	161       	0.0386    	15.8227   
185       	170       	0.0485    	15.8712   
186       	109       	1.7004    	17.5716   
187       	149       	0.0393    	17.6109   
188       	134       	0.0353    	17.6462   
189       	143       	0.0402    	17.6864   
190       	143       	0.0373    	17.7237   
191       	161       	2.4511    	20.1748   
192       	138       	0.0373    	20.2122   
193       	136       	0.0357    	20.2479   
194       	162       	0.0402    	20.2881   
195       	156       	0.0450    	20.3331   
196       	156       	2.3741    	22.7073   
197       	146       	0.0575    	22.7648   
198       	146       	0.0363    	22.8011   
199       	231       	0.0616    	22.8627   
200       	162       	0.0468    	22.9095   
201       	140       	2.0775    	24.9871   
202       	206       	0.0575    	25.0463   
203       	174       	0.0634    	25.1097   
204       	177       	0.0482    	25.1579   
205       	166       	0.0436    	25.2015   
206       	196       	2.8875    	28.0889   
207       	175       	0.0588    	28.1477   
208       	265       	0.0739    	28.2216   
209       	184       	0.0488    	28.2704   
210       	151       	0.0387    	28.3092   
211       	303       	4.5827    	32.8918   
212       	209       	0.0550    	32.9470   
213       	171       	0.0924    	33.0394   
214       	196       	0.1138    	33.1532   
215       	234       	0.0896    	33.2428   
216       	204       	3.1180    	36.3608   
217       	201       	0.0632    	36.4240   
218       	216       	0.0572    	36.4812   
219       	220       	0.0608    	36.5420   
220       	282       	0.0942    	36.6362   
221       	176       	2.5991    	39.2353   
222       	210       	0.0649    	39.3003   
223       	228       	0.0692    	39.3694   
224       	281       	0.0752    	39.4446   
225       	253       	0.0750    	39.5197   
226       	241       	3.6178    	43.1375   
227       	196       	0.0939    	43.2314   
228       	228       	0.0855    	43.3169   
229       	226       	0.0614    	43.3782   
230       	194       	0.0534    	43.4316   
231       	348       	5.2654    	48.6970   
232       	217       	0.1016    	48.7987   
233       	202       	0.0639    	48.8625   
234       	244       	0.0926    	48.9552   
235       	243       	0.1202    	49.0754   
236       	255       	3.6383    	52.7137   
237       	207       	0.0605    	52.7742   
238       	248       	0.0699    	52.8440   
239       	219       	0.0675    	52.9116   
240       	182       	0.0517    	52.9632   
241       	216       	3.2796    	56.2429   
242       	198       	0.0552    	56.2982   
243       	193       	0.0713    	56.3695   
244       	250       	0.0880    	56.4574   
245       	220       	0.0611    	56.5186   
246       	187       	2.7135    	59.2321   
247       	199       	0.0804    	59.3125   
248       	184       	0.0513    	59.3638   
249       	176       	0.0489    	59.4126   
250       	201       	0.0649    	59.4775   
251       	198       	3.0529    	62.5304   
252       	195       	0.0800    	62.6126   
253       	195       	0.0539    	62.6665   
254       	175       	0.0547    	62.7212   
255       	236       	0.0827    	62.8039   
256       	182       	2.7661    	65.5700   
257       	171       	0.0501    	65.6201   
258       	205       	0.0751    	65.6953   
259       	217       	0.0623    	65.7576   
260       	170       	0.0549    	65.8124   
261       	190       	2.9381    	68.7505   
262       	194       	0.0584    	68.8091   
263       	201       	0.0580    	68.8671   
264       	234       	0.1258    	68.9929   
265       	267       	0.1266    	69.1196   
266       	192       	2.9266    	72.0462   
267       	195       	0.0548    	72.1010   
268       	190       	0.0575    	72.1586   
269       	186       	0.0500    	72.2085   
270       	223       	0.0616    	72.2702   
271       	189       	2.8890    	75.1592   
272       	194       	0.0531    	75.2125   
273       	245       	0.1155    	75.3279   
274       	218       	0.1115    	75.4394   
275       	266       	0.0917    	75.5311   
276       	182       	2.7554    	78.2865   
277       	213       	0.0685    	78.3550   
278       	195       	0.0523    	78.4073   
279       	183       	0.0536    	78.4610   
280       	220       	0.0636    	78.5246   
281       	295       	4.5331    	83.0577   
282       	253       	0.0818    	83.1396   
283       	264       	0.0722    	83.2117   
284       	249       	0.1137    	83.3255   
285       	281       	0.0923    	83.4178   
286       	165       	2.5137    	85.9314   
287       	376       	0.1273    	86.0587   
288       	225       	0.0819    	86.1406   
289       	255       	0.0730    	86.2136   
290       	256       	0.0750    	86.2886   
291       	202       	3.0923    	89.3809   
292       	183       	0.0551    	89.4361   
293       	197       	0.0551    	89.4912   
294       	137       	0.0394    	89.5306   
295       	181       	0.0579    	89.5885   
296       	194       	2.9875    	92.5760   
297       	171       	0.0532    	92.6293   
298       	132       	0.0331    	92.6624   
299       	188       	0.0549    	92.7173   
300       	145       	0.0432    	92.7605   
301       	135       	2.0648    	94.8253   
302       	151       	0.0401    	94.8673   
303       	176       	0.0471    	94.9144   
304       	141       	0.0392    	94.9536   
305       	145       	0.0386    	94.9922   
306       	138       	2.0729    	97.0651   
307       	141       	0.0414    	97.1065   
308       	154       	0.0429    	97.1494   
309       	144       	0.0408    	97.1901   
310       	119       	0.0365    	97.2266   
311       	140       	2.1573    	99.3839   
312       	146       	0.0402    	99.4243   
313       	121       	0.0341    	99.4584   
314       	142       	0.0389    	99.4973   
315       	132       	0.0370    	99.5343   
316       	128       	1.9882    	101.5225  
317       	132       	0.0457    	101.5682  
318       	116       	0.0716    	101.6399  
319       	120       	0.0397    	101.6796  
320       	106       	0.0308    	101.7104  
321       	103       	1.5547    	103.2651  
322       	120       	0.0769    	103.3422  
323       	112       	0.0542    	103.3964  
324       	95        	0.0396    	103.4359  
325       	95        	0.0388    	103.4747  
326       	104       	1.5994    	105.0741  
327       	98        	0.0333    	105.1074  
328       	110       	0.0308    	105.1383  
329       	130       	0.0368    	105.1751  
330       	118       	0.0336    	105.2088  
331       	114       	1.7474    	106.9562  
332       	109       	0.0317    	106.9880  
333       	104       	0.0279    	107.0159  
334       	106       	0.0279    	107.0438  
335       	94        	0.0261    	107.0699  
336       	119       	1.8364    	108.9063  
337       	94        	0.0294    	108.9357  
338       	95        	0.0312    	108.9669  
339       	95        	0.0257    	108.9926  
340       	96        	0.0282    	109.0209  
341       	95        	1.4566    	110.4775  
342       	93        	0.0355    	110.5131  
343       	95        	0.0265    	110.5396  
344       	94        	0.0267    	110.5662  
345       	92        	0.0255    	110.5918  
346       	102       	1.5799    	112.1717  
347       	88        	0.0244    	112.1961  
348       	93        	0.0250    	112.2211  
349       	88        	0.0242    	112.2452  
350       	80        	0.0447    	112.2899  
351       	95        	1.4375    	113.7274  
352       	94        	0.0256    	113.7547  
353       	96        	0.0257    	113.7804  
354       	98        	0.0266    	113.8071  
355       	88        	0.0250    	113.8320  
356       	95        	1.4167    	115.2488  
357       	88        	0.0264    	115.2751  
358       	100       	0.0473    	115.3224  
359       	98        	0.0279    	115.3503  
360       	101       	0.0281    	115.3784  
361       	88        	1.3476    	116.7260  
362       	100       	0.0288    	116.7552  
363       	93        	0.0268    	116.7819  
364       	88        	0.0264    	116.8083  
365       	101       	0.0279    	116.8363  
366       	94        	1.3944    	118.2306  
367       	87        	0.0329    	118.2635  
368       	92        	0.0265    	118.2900  
369       	96        	0.0284    	118.3184  
370       	88        	0.0249    	118.3433  
371       	85        	1.2248    	119.5681  
372       	15        	0.0045    	119.5728  
373       	93        	0.0266    	119.5993  
374       	91        	0.0243    	119.6236  
375       	14        	0.0042    	119.6279  
376       	14        	0.1767    	119.8046  
377       	22        	0.0076    	119.8122  
378       	18        	0.0047    	119.8169  
379       	86        	0.0296    	119.8464  
380       	82        	0.0251    	119.8715  
381       	85        	1.3052    	121.1767  
382       	19        	0.0050    	121.1818  
383       	14        	0.0046    	121.1864  
384       	84        	0.0287    	121.2151  
385       	16        	0.0047    	121.2198  
386       	12        	0.1609    	121.3808  
387       	96        	0.0277    	121.4084  
388       	13        	0.0035    	121.4119  
389       	16        	0.0046    	121.4165  
390       	15        	0.0045    	121.4210  
391       	92        	1.3622    	122.7832  
392       	80        	0.0235    	122.8068  
393       	13        	0.0032    	122.8100  
394       	21        	0.0058    	122.8159  
395       	13        	0.0044    	122.8203  
396       	13        	0.1846    	123.0049  
397       	18        	0.0079    	123.0128  
398       	13        	0.0090    	123.0218  
399       	16        	0.0046    	123.0264  
400       	13        	0.0035    	123.0299  
401       	18        	0.2276    	123.2575  
402       	14        	0.0049    	123.2657  
403       	14        	0.0035    	123.2693  
404       	91        	0.0317    	123.3009  
405       	14        	0.0097    	123.3107  
406       	14        	0.2005    	123.5112  
407       	14        	0.0109    	123.5221  
408       	16        	0.0103    	123.5324  
409       	18        	0.0106    	123.5430  
410       	14        	0.0046    	123.5476  
411       	16        	0.1865    	123.7341  
412       	14        	0.0054    	123.7399  
413       	17        	0.0091    	123.7489  
414       	13        	0.0046    	123.7535  
415       	15        	0.0036    	123.7570  
416       	17        	0.2448    	124.0018  
417       	13        	0.0036    	124.0054  
418       	13        	0.0033    	124.0087  
419       	16        	0.0044    	124.0131  
420       	15        	0.0049    	124.0181  
421       	12        	0.1728    	124.1909  
422       	18        	0.0051    	124.1961  
423       	15        	0.0048    	124.2009  
424       	15        	0.0047    	124.2056  
425       	15        	0.0070    	124.2126  
426       	17        	0.2310    	124.4436  
427       	20        	0.0065    	124.4500  
428       	16        	0.0046    	124.4546  
429       	18        	0.0046    	124.4592  
430       	13        	0.0045    	124.4637  
431       	16        	0.2342    	124.6980  
432       	13        	0.0081    	124.7062  
433       	14        	0.0072    	124.7134  
434       	15        	0.0048    	124.7182  
435       	17        	0.0045    	124.7227  
436       	15        	0.2087    	124.9315  
437       	16        	0.0047    	124.9362  
438       	16        	0.0082    	124.9444  
439       	14        	0.0103    	124.9546  
440       	14        	0.0078    	124.9624  
441       	15        	0.2230    	125.1854  
442       	21        	0.0129    	125.1985  
443       	13        	0.0078    	125.2063  
444       	86        	0.0400    	125.2463  
445       	13        	0.0035    	125.2498  
446       	13        	0.1877    	125.4375  
447       	14        	0.0052    	125.4427  
448       	13        	0.0034    	125.4461  
449       	14        	0.0042    	125.4503  
450       	86        	0.0235    	125.4737  
451       	18        	0.2668    	125.7405  
452       	18        	0.0041    	125.7468  
453       	14        	0.0037    	125.7505  
454       	13        	0.0032    	125.7538  
455       	17        	0.0050    	125.7587  
456       	16        	0.2340    	125.9928  
457       	16        	0.0113    	126.0041  
458       	14        	0.0100    	126.0141  
459       	16        	0.0104    	126.0245  
460       	16        	0.0105    	126.0349  
461       	13        	0.1788    	126.2137  
462       	16        	0.0110    	126.2249  
463       	90        	0.0574    	126.2823  
464       	19        	0.0117    	126.2941  
465       	16        	0.0049    	126.2990  
466       	83        	1.2868    	127.5858  
467       	16        	0.0050    	127.5908  
468       	13        	0.0034    	127.5942  
469       	14        	0.0043    	127.5985  
470       	12        	0.0034    	127.6018  
471       	16        	0.2398    	127.8417  
472       	12        	0.0081    	127.8500  
473       	16        	0.0110    	127.8610  
474       	15        	0.0084    	127.8694  
475       	15        	0.0094    	127.8788  
476       	12        	0.1494    	128.0282  
477       	14        	0.0051    	128.0333  
478       	15        	0.0037    	128.0370  
479       	13        	0.0065    	128.0435  
480       	15        	0.0037    	128.0472  
481       	15        	0.2186    	128.2658  
482       	16        	0.0058    	128.2717  
483       	13        	0.0035    	128.2752  
484       	15        	0.0046    	128.2798  
485       	18        	0.0058    	128.2855  
486       	17        	0.2491    	128.5346  
487       	18        	0.0107    	128.5453  
488       	12        	0.0067    	128.5520  
489       	16        	0.0043    	128.5563  
490       	86        	0.0250    	128.5813  
491       	14        	0.2074    	128.7888  
492       	15        	0.0110    	128.7999  
493       	92        	0.0573    	128.8572  
494       	14        	0.0106    	128.8678  
495       	12        	0.0081    	128.8759  
496       	13        	0.1812    	129.0571  
497       	80        	0.0456    	129.1026  
498       	16        	0.0102    	129.1128  
499       	15        	0.0103    	129.1232  
500       	15        	0.0078    	129.1310  
501       	15        	0.2110    	129.3420  
502       	82        	0.0240    	129.3685  
503       	12        	0.0033    	129.3717  
504       	14        	0.0037    	129.3755  
505       	16        	0.0047    	129.3802  
506       	14        	0.2019    	129.5821  
507       	15        	0.0082    	129.5903  
508       	12        	0.0060    	129.5963  
509       	14        	0.0049    	129.6012  
510       	14        	0.0036    	129.6048  
511       	13        	0.1802    	129.7851  
512       	83        	0.0214    	129.8066  
513       	15        	0.0043    	129.8108  
514       	14        	0.0043    	129.8151  
515       	14        	0.0034    	129.8185  
516       	85        	1.3061    	131.1246  
517       	79        	0.0291    	131.1537  
518       	17        	0.0043    	131.1580  
519       	80        	0.0485    	131.2065  
520       	15        	0.0097    	131.2163  
521       	15        	0.2097    	131.4259  
522       	84        	0.0230    	131.4490  
523       	90        	0.0246    	131.4737  
524       	13        	0.0041    	131.4778  
525       	17        	0.0046    	131.4824  
526       	87        	1.3142    	132.7965  
527       	15        	0.0038    	132.8004  
528       	13        	0.0043    	132.8047  
529       	84        	0.0451    	132.8498  
530       	16        	0.0097    	132.8595  
531       	12        	0.1754    	133.0349  
532       	12        	0.0081    	133.0432  
533       	14        	0.0065    	133.0497  
534       	15        	0.0045    	133.0542  
535       	96        	0.0485    	133.1028  
536       	90        	1.3991    	134.5019  
537       	17        	0.0056    	134.5075  
538       	12        	0.0031    	134.5107  
539       	83        	0.0213    	134.5320  
540       	87        	0.0234    	134.5553  
541       	17        	0.2154    	134.7708  
542       	16        	0.0051    	134.7760  
543       	17        	0.0051    	134.7812  
544       	12        	0.0032    	134.7844  
545       	16        	0.0046    	134.7889  
546       	87        	1.2773    	136.0662  
547       	12        	0.0040    	136.0702  
548       	14        	0.0046    	136.0749  
549       	84        	0.0330    	136.1078  
550       	84        	0.0231    	136.1309  
551       	13        	0.1887    	136.3197  
552       	97        	0.0274    	136.3499  
553       	85        	0.0252    	136.3751  
554       	89        	0.0241    	136.3992  
555       	82        	0.0217    	136.4208  
556       	87        	1.2723    	137.6931  
557       	14        	0.0111    	137.7042  
558       	14        	0.0062    	137.7104  
559       	85        	0.0231    	137.7335  
560       	82        	0.0438    	137.7773  
561       	88        	1.2770    	139.0544  
562       	16        	0.0106    	139.0652  
563       	15        	0.0076    	139.0728  
564       	86        	0.0254    	139.0981  
565       	16        	0.0048    	139.1029  
566       	13        	0.1706    	139.2735  
567       	93        	0.0272    	139.3007  
568       	90        	0.0247    	139.3255  
569       	92        	0.0257    	139.3512  
570       	86        	0.0527    	139.4039  
571       	88        	1.2934    	140.6973  
572       	84        	0.0257    	140.7232  
573       	86        	0.0308    	140.7539  
574       	13        	0.0080    	140.7619  
575       	89        	0.0486    	140.8105  
576       	86        	1.2800    	142.0905  
577       	86        	0.0242    	142.1147  
578       	93        	0.0281    	142.1428  
579       	86        	0.0292    	142.1720  
580       	88        	0.0257    	142.1977  
581       	84        	1.2688    	143.4666  
582       	93        	0.0356    	143.5023  
583       	84        	0.0231    	143.5254  
584       	85        	0.0226    	143.5480  
585       	96        	0.0259    	143.5739  
586       	91        	1.3940    	144.9679  
587       	86        	0.0320    	144.9999  
588       	96        	0.0262    	145.0261  
589       	88        	0.0342    	145.0603  
590       	94        	0.0288    	145.0891  
591       	86        	1.2971    	146.3862  
592       	83        	0.0263    	146.4126  
593       	91        	0.0254    	146.4381  
594       	89        	0.0404    	146.4784  
595       	104       	0.0494    	146.5278  
596       	89        	1.3578    	147.8856  
597       	92        	0.0254    	147.9110  
598       	96        	0.0522    	147.9633  
599       	100       	0.0649    	148.0281  
600       	91        	0.0581    	148.0862  
601       	95        	1.4541    	149.5403  
602       	92        	0.0266    	149.5694  
603       	88        	0.0247    	149.5942  
604       	92        	0.0474    	149.6415  
605       	86        	0.0541    	149.6957  
606       	98        	1.4695    	151.1652  
607       	86        	0.0236    	151.1888  
608       	90        	0.0247    	151.2135  
609       	84        	0.0238    	151.2373  
610       	97        	0.0275    	151.2648  
611       	102       	1.5493    	152.8141  
612       	86        	0.0567    	152.8709  
613       	102       	0.0550    	152.9259  
614       	94        	0.0279    	152.9539  
615       	98        	0.0341    	152.9880  
616       	85        	1.3089    	154.2969  
617       	89        	0.0258    	154.3227  
618       	93        	0.0272    	154.3499  
619       	91        	0.0271    	154.3770  
620       	88        	0.0254    	154.4024  
621       	90        	1.3202    	155.7226  
622       	95        	0.0263    	155.7492  
623       	95        	0.0263    	155.7754  
624       	92        	0.0253    	155.8007  
625       	90        	0.0255    	155.8262  
626       	94        	1.4514    	157.2776  
627       	91        	0.0263    	157.3039  
628       	98        	0.0289    	157.3328  
629       	86        	0.0245    	157.3573  
630       	92        	0.0232    	157.3805  
631       	105       	1.6035    	158.9840  
632       	98        	0.0323    	159.0164  
633       	88        	0.0246    	159.0410  
634       	90        	0.0253    	159.0663  
635       	98        	0.0269    	159.0932  
636       	99        	1.4911    	160.5843  
637       	95        	0.0267    	160.6111  
638       	90        	0.0331    	160.6441  
639       	92        	0.0465    	160.6906  
640       	93        	0.0294    	160.7200  
641       	99        	1.4794    	162.1994  
642       	93        	0.0272    	162.2267  
643       	90        	0.0248    	162.2516  
644       	90        	0.0260    	162.2776  
645       	100       	0.0294    	162.3069  
646       	95        	1.4369    	163.7439  
647       	99        	0.0305    	163.7744  
648       	106       	0.0325    	163.8069  
649       	92        	0.0280    	163.8349  
650       	106       	0.0310    	163.8659  
651       	103       	1.5866    	165.4525  
652       	99        	0.0310    	165.4872  
653       	99        	0.0282    	165.5154  
654       	94        	0.0295    	165.5448  
655       	101       	0.0313    	165.5761  
656       	97        	1.4878    	167.0639  
657       	99        	0.0534    	167.1174  
658       	108       	0.0403    	167.1577  
659       	102       	0.0399    	167.1976  
660       	96        	0.0404    	167.2380  
661       	106       	1.5669    	168.8049  
662       	95        	0.0291    	168.8341  
663       	95        	0.0393    	168.8734  
664       	98        	0.0288    	168.9022  
665       	96        	0.0283    	168.9305  
666       	95        	1.4763    	170.4068  
667       	95        	0.0279    	170.4347  
668       	96        	0.0528    	170.4875  
669       	110       	0.0756    	170.5630  
670       	106       	0.0753    	170.6383  
671       	94        	1.3735    	172.0118  
672       	92        	0.0286    	172.0405  
673       	94        	0.0305    	172.0710  
674       	97        	0.0290    	172.1000  
675       	98        	0.0287    	172.1287  
676       	100       	1.4808    	173.6094  
677       	92        	0.0395    	173.6489  
678       	94        	0.0269    	173.6759  
679       	96        	0.0286    	173.7045  
680       	93        	0.0257    	173.7301  
681       	90        	1.3904    	175.1206  
682       	96        	0.0655    	175.1862  
683       	105       	0.0332    	175.2194  
684       	107       	0.0324    	175.2517  
685       	102       	0.0465    	175.2982  
686       	96        	1.4712    	176.7694  
687       	97        	0.0366    	176.8060  
688       	89        	0.0452    	176.8512  
689       	101       	0.0705    	176.9217  
690       	104       	0.0735    	176.9952  
691       	101       	1.4997    	178.4949  
692       	96        	0.0285    	178.5234  
693       	105       	0.0299    	178.5533  
694       	107       	0.0331    	178.5864  
695       	99        	0.0297    	178.6161  
696       	102       	1.5484    	180.1645  
697       	90        	0.0376    	180.2021  
698       	94        	0.0289    	180.2310  
699       	100       	0.0277    	180.2587  
700       	103       	0.0284    	180.2871  
701       	101       	1.4949    	181.7821  
702       	96        	0.0295    	181.8155  
703       	100       	0.0637    	181.8793  
704       	99        	0.0468    	181.9261  
705       	86        	0.0253    	181.9513  
706       	102       	1.4928    	183.4442  
707       	96        	0.0391    	183.4832  
708       	94        	0.0274    	183.5107  
709       	99        	0.0287    	183.5394  
710       	91        	0.0312    	183.5706  
711       	99        	1.5114    	185.0821  
712       	86        	0.0242    	185.1064  
713       	92        	0.0263    	185.1327  
714       	100       	0.0289    	185.1616  
715       	90        	0.0253    	185.1868  
716       	106       	1.5898    	186.7766  
717       	102       	0.0745    	186.8511  
718       	98        	0.0581    	186.9092  
719       	96        	0.0306    	186.9399  
720       	102       	0.0405    	186.9803  
721       	90        	1.3654    	188.3458  
722       	110       	0.0421    	188.3880  
723       	93        	0.0272    	188.4152  
724       	93        	0.0278    	188.4431  
725       	100       	0.0301    	188.4732  
726       	96        	1.4698    	189.9430  
727       	105       	0.0770    	190.0199  
728       	94        	0.0373    	190.0572  
729       	101       	0.0284    	190.0857  
730       	91        	0.0379    	190.1235  
731       	88        	1.2980    	191.4216  
732       	88        	0.0628    	191.4846  
733       	99        	0.0705    	191.5551  
734       	100       	0.0711    	191.6262  
735       	96        	0.0674    	191.6936  
736       	94        	1.4133    	193.1069  
737       	104       	0.0312    	193.1381  
738       	100       	0.0269    	193.1650  
739       	98        	0.0280    	193.1930  
740       	105       	0.0295    	193.2225  
741       	98        	1.5125    	194.7350  
742       	95        	0.0340    	194.7692  
743       	104       	0.0302    	194.7993  
744       	102       	0.0312    	194.8306  
745       	96        	0.0269    	194.8575  
746       	99        	1.5074    	196.3648  
747       	103       	0.0290    	196.3938  
748       	92        	0.0255    	196.4194  
749       	105       	0.0309    	196.4503  
750       	98        	0.0276    	196.4779  
751       	95        	1.3646    	197.8426  
752       	100       	0.0301    	197.8756  
753       	107       	0.0316    	197.9072  
754       	95        	0.0274    	197.9345  
755       	95        	0.0325    	197.9671  
756       	103       	1.5844    	199.5515  
757       	93        	0.0290    	199.5805  
758       	109       	0.0376    	199.6180  
759       	90        	0.0240    	199.6421  
760       	100       	0.0290    	199.6711  
761       	98        	1.4301    	201.1011  
762       	86        	0.0253    	201.1266  
763       	110       	0.0312    	201.1578  
764       	98        	0.0304    	201.1881  
765       	99        	0.0320    	201.2201  
766       	100       	1.4543    	202.6744  
767       	95        	0.0270    	202.7014  
768       	94        	0.0273    	202.7287  
769       	103       	0.0310    	202.7597  
770       	100       	0.0291    	202.7889  
771       	92        	1.4017    	204.1905  
772       	102       	0.0313    	204.2220  
773       	97        	0.0274    	204.2494  
774       	92        	0.0261    	204.2755  
775       	108       	0.0311    	204.3066  
776       	96        	1.4877    	205.7943  
777       	104       	0.0317    	205.8260  
778       	95        	0.0277    	205.8537  
779       	99        	0.0280    	205.8817  
780       	97        	0.0278    	205.9095  
781       	105       	1.6344    	207.5439  
782       	101       	0.0309    	207.5750  
783       	101       	0.0298    	207.6047  
784       	95        	0.0286    	207.6334  
785       	106       	0.0287    	207.6620  
786       	102       	1.5352    	209.1972  
787       	110       	0.0327    	209.2299  
788       	99        	0.0283    	209.2582  
789       	97        	0.0276    	209.2858  
790       	96        	0.0274    	209.3132  
791       	98        	1.5145    	210.8277  
792       	96        	0.0251    	210.8529  
793       	96        	0.0282    	210.8811  
794       	112       	0.0322    	210.9133  
795       	99        	0.0276    	210.9409  
796       	98        	1.5246    	212.4655  
797       	99        	0.0284    	212.4938  
798       	100       	0.0304    	212.5243  
799       	109       	0.0313    	212.5555  
800       	101       	0.0295    	212.5850  
801       	107       	1.6631    	214.2481  
802       	106       	0.0458    	214.2982  
803       	96        	0.0276    	214.3258  
804       	98        	0.0285    	214.3543  
805       	102       	0.0278    	214.3821  
806       	106       	1.6041    	215.9862  
807       	104       	0.0311    	216.0173  
808       	98        	0.0270    	216.0443  
809       	111       	0.0317    	216.0760  
810       	102       	0.0268    	216.1029  
811       	110       	1.6883    	217.7912  
812       	102       	0.0330    	217.8243  
813       	81        	0.0226    	217.8469  
814       	105       	0.0291    	217.8761  
815       	112       	0.0308    	217.9069  
816       	106       	1.6567    	219.5636  
817       	104       	0.0280    	219.5916  
818       	81        	0.0201    	219.6117  
819       	108       	0.0280    	219.6397  
820       	61        	0.0173    	219.6569  
821       	78        	1.2185    	220.8755  
822       	65        	0.0238    	220.8994  
823       	94        	0.0293    	220.9287  
824       	71        	0.0201    	220.9489  
825       	82        	0.0235    	220.9724  
826       	96        	1.4665    	222.4389  
827       	110       	0.0332    	222.4721  
828       	92        	0.0256    	222.4977  
829       	100       	0.0280    	222.5257  
830       	102       	0.0259    	222.5517  
831       	104       	1.6288    	224.1804  
832       	102       	0.0261    	224.2067  
833       	106       	0.0312    	224.2379  
834       	106       	0.0323    	224.2702  
835       	107       	0.0319    	224.3022  
836       	109       	1.6963    	225.9985  
837       	14        	0.0049    	226.0034  
838       	99        	0.0272    	226.0306  
839       	103       	0.0286    	226.0592  
840       	105       	0.0310    	226.0902  
841       	99        	1.5138    	227.6040  
842       	93        	0.0295    	227.6337  
843       	111       	0.0309    	227.6646  
844       	102       	0.0285    	227.6931  
845       	109       	0.0300    	227.7232  
846       	110       	1.7010    	229.4241  
847       	121       	0.0340    	229.4581  
848       	114       	0.0314    	229.4896  
849       	106       	0.0320    	229.5216  
850       	100       	0.0246    	229.5462  
851       	114       	1.7447    	231.2909  
852       	108       	0.0324    	231.3275  
853       	112       	0.0319    	231.3593  
854       	114       	0.0312    	231.3905  
855       	106       	0.0287    	231.4193  
856       	104       	1.6189    	233.0382  
857       	107       	0.0510    	233.0892  
858       	110       	0.0357    	233.1249  
859       	104       	0.0328    	233.1577  
860       	99        	0.0386    	233.1963  
861       	101       	1.5724    	234.7688  
862       	103       	0.0299    	234.7989  
863       	102       	0.0298    	234.8287  
864       	117       	0.0330    	234.8616  
865       	99        	0.0300    	234.8916  
866       	104       	1.5826    	236.4742  
867       	107       	0.0290    	236.5032  
868       	100       	0.0266    	236.5298  
869       	97        	0.0283    	236.5581  
870       	97        	0.0276    	236.5857  
871       	99        	1.4779    	238.0636  
872       	97        	0.0276    	238.0914  
873       	102       	0.0277    	238.1191  
874       	109       	0.0425    	238.1615  
875       	109       	0.0310    	238.1925  
876       	108       	1.6340    	239.8265  
877       	122       	0.0334    	239.8599  
878       	108       	0.0286    	239.8885  
879       	121       	0.0338    	239.9222  
880       	106       	0.0313    	239.9535  
881       	97        	1.5097    	241.4632  
882       	99        	0.0426    	241.5059  
883       	105       	0.0651    	241.5711  
884       	106       	0.0682    	241.6393  
885       	97        	0.0344    	241.6737  
886       	105       	1.6202    	243.2939  
887       	97        	0.0308    	243.3247  
888       	137       	0.0380    	243.3627  
889       	110       	0.0362    	243.3989  
890       	100       	0.0537    	243.4526  
891       	100       	1.4314    	244.8840  
892       	107       	0.0329    	244.9171  
893       	99        	0.0290    	244.9461  
894       	100       	0.0281    	244.9742  
895       	106       	0.0480    	245.0222  
896       	102       	1.5582    	246.5804  
897       	103       	0.0285    	246.6088  
898       	102       	0.0292    	246.6380  
899       	99        	0.0287    	246.6667  
900       	106       	0.0427    	246.7094  
901       	103       	1.5330    	248.2424  
902       	107       	0.0286    	248.2740  
903       	104       	0.0280    	248.3020  
904       	101       	0.0297    	248.3317  
905       	105       	0.0301    	248.3618  
906       	97        	1.4793    	249.8411  
907       	97        	0.0610    	249.9021  
908       	117       	0.0698    	249.9719  
909       	68        	0.0408    	250.0128  
910       	118       	0.0740    	250.0868  
911       	105       	1.5989    	251.6857  
912       	66        	0.0210    	251.7069  
913       	98        	0.0309    	251.7379  
914       	98        	0.0247    	251.7625  
915       	60        	0.0194    	251.7820  
916       	103       	1.6071    	253.3891  
917       	99        	0.0321    	253.4212  
918       	75        	0.0205    	253.4417  
919       	98        	0.0264    	253.4680  
920       	100       	0.0272    	253.4952  
921       	117       	1.7950    	255.2902  
922       	105       	0.0305    	255.3208  
923       	96        	0.0278    	255.3486  
924       	117       	0.0297    	255.3784  
925       	95        	0.0253    	255.4036  
926       	107       	1.6606    	257.0642  
927       	108       	0.0311    	257.0953  
928       	99        	0.0289    	257.1242  
929       	118       	0.0332    	257.1574  
930       	100       	0.0287    	257.1861  
931       	103       	1.5782    	258.7643  
932       	99        	0.0283    	258.7928  
933       	110       	0.0291    	258.8219  
934       	108       	0.0297    	258.8517  
935       	102       	0.0272    	258.8788  
936       	103       	1.5780    	260.4569  
937       	116       	0.0312    	260.4881  
938       	101       	0.0281    	260.5162  
939       	103       	0.0299    	260.5461  
940       	101       	0.0277    	260.5738  
941       	106       	1.6213    	262.1952  
942       	109       	0.0283    	262.2237  
943       	107       	0.0335    	262.2572  
944       	110       	0.0324    	262.2896  
945       	33        	0.0092    	262.2989  
946       	113       	1.7493    	264.0481  
947       	101       	0.0270    	264.0751  
948       	120       	0.0286    	264.1038  
949       	100       	0.0279    	264.1316  
950       	112       	0.0296    	264.1613  
951       	108       	1.9258    	266.0871  
952       	112       	0.0399    	266.1303  
953       	117       	0.0308    	266.1610  
954       	98        	0.0613    	266.2223  
955       	132       	0.0807    	266.3031  
956       	105       	1.6248    	267.9278  
957       	105       	0.0288    	267.9566  
958       	107       	0.0294    	267.9860  
959       	112       	0.0309    	268.0169  
960       	118       	0.0317    	268.0486  
961       	101       	1.5648    	269.6134  
962       	111       	0.0379    	269.6515  
963       	106       	0.0316    	269.6831  
964       	108       	0.0495    	269.7326  
965       	97        	0.0385    	269.7711  
966       	124       	1.9229    	271.6940  
967       	117       	0.0355    	271.7295  
968       	98        	0.0296    	271.7591  
969       	126       	0.0348    	271.7940  
970       	123       	0.0350    	271.8289  
971       	120       	1.8645    	273.6934  
972       	116       	0.0323    	273.7258  
973       	121       	0.0324    	273.7582  
974       	134       	0.0366    	273.7949  
975       	118       	0.0418    	273.8366  
976       	119       	1.8544    	275.6910  
977       	140       	0.0386    	275.7296  
978       	136       	0.0378    	275.7674  
979       	138       	0.0391    	275.8065  
980       	139       	0.0363    	275.8428  
981       	127       	1.9592    	277.8020  
982       	99        	0.0276    	277.8298  
983       	28        	0.0077    	277.8375  
984       	106       	0.0277    	277.8652  
985       	126       	0.0364    	277.9016  
986       	16        	0.2292    	278.1309  
987       	128       	0.0372    	278.1681  
988       	133       	0.0378    	278.2059  
989       	104       	0.0282    	278.2341  
990       	99        	0.0285    	278.2627  
991       	111       	1.7277    	279.9903  
992       	100       	0.0271    	280.0176  
993       	133       	0.0364    	280.0540  
994       	150       	0.0403    	280.0943  
995       	165       	0.0457    	280.1400  
996       	146       	2.2681    	282.4081  
997       	95        	0.0344    	282.4426  
998       	152       	0.0423    	282.4849  
999       	100       	0.0355    	282.5204  
1000      	99        	0.0261    	282.5465  
1001      	153       	2.3794    	284.9259  
1002      	103       	0.0280    	284.9571  
1003      	106       	0.0291    	284.9862  
1004      	95        	0.0247    	285.0109  
1005      	100       	0.0292    	285.0401  
1006      	105       	1.6309    	286.6710  
1007      	143       	0.0560    	286.7269  
1008      	100       	0.0558    	286.7827  
1009      	22        	0.0123    	286.7950  
1010      	97        	0.0391    	286.8341  
1011      	96        	1.4851    	288.3192  
1012      	98        	0.0277    	288.3471  
1013      	118       	0.0323    	288.3794  
1014      	95        	0.0238    	288.4033  
1015      	105       	0.0292    	288.4324  
1016      	100       	1.5560    	289.9885  
1017      	101       	0.0277    	290.0162  
1018      	102       	0.0322    	290.0484  
1019      	110       	0.0306    	290.0790  
1020      	101       	0.0268    	290.1059  
1021      	99        	1.5294    	291.6353  
1022      	109       	0.0290    	291.6646  
1023      	136       	0.0373    	291.7019  
1024      	105       	0.0289    	291.7307  
1025      	100       	0.0281    	291.7588  
1026      	98        	1.5257    	293.2845  
1027      	101       	0.0279    	293.3124  
1028      	106       	0.0426    	293.3551  
1029      	32        	0.0135    	293.3685  
1030      	109       	0.0306    	293.3991  
1031      	97        	1.5044    	294.9035  
1032      	103       	0.0408    	294.9446  
1033      	103       	0.0278    	294.9723  
1034      	105       	0.0288    	295.0012  
1035      	104       	0.0290    	295.0302  
1036      	101       	1.5770    	296.6072  
1037      	99        	0.0359    	296.6431  
1038      	100       	0.0282    	296.6714  
1039      	95        	0.0268    	296.6982  
1040      	103       	0.0279    	296.7260  
1041      	97        	1.5059    	298.2319  
1042      	98        	0.0265    	298.2585  
1043      	102       	0.0289    	298.2875  
1044      	102       	0.0334    	298.3209  
1045      	103       	0.0303    	298.3512  
1046      	101       	1.5635    	299.9147  
1047      	104       	0.0621    	299.9768  
1048      	16        	0.0097    	299.9865  
1049      	97        	0.0381    	300.0246  
1050      	99        	0.0267    	300.0513  
1051      	101       	1.5654    	301.6167  
1052      	98        	0.0296    	301.6516  
1053      	97        	0.0438    	301.6954  
1054      	95        	0.0521    	301.7475  
1055      	105       	0.0292    	301.7766  
1056      	103       	1.6069    	303.3835  
1057      	97        	0.0268    	303.4103  
1058      	14        	0.0043    	303.4147  
1059      	105       	0.0288    	303.4435  
1060      	96        	0.0273    	303.4708  
1061      	103       	1.6029    	305.0737  
1062      	108       	0.0301    	305.1040  
1063      	98        	0.0278    	305.1318  
1064      	102       	0.0286    	305.1604  
1065      	96        	0.0347    	305.1950  
1066      	104       	1.6096    	306.8046  
1067      	100       	0.0282    	306.8328  
1068      	104       	0.0300    	306.8629  
1069      	104       	0.0302    	306.8931  
1070      	103       	0.0453    	306.9384  
1071      	104       	1.6097    	308.5481  
1072      	95        	0.0349    	308.5832  
1073      	96        	0.0254    	308.6086  
1074      	101       	0.0277    	308.6363  
1075      	100       	0.0326    	308.6688  
1076      	23        	0.3387    	309.0075  
1077      	97        	0.0435    	309.0510  
1078      	102       	0.0299    	309.0809  
1079      	105       	0.0305    	309.1114  
1080      	104       	0.0300    	309.1414  
1081      	96        	1.4901    	310.6315  
1082      	100       	0.0620    	310.6936  
1083      	100       	0.0311    	310.7247  
1084      	20        	0.0058    	310.7305  
1085      	104       	0.0290    	310.7596  
1086      	100       	1.5677    	312.3273  
1087      	96        	0.0390    	312.3663  
1088      	98        	0.0286    	312.3949  
1089      	99        	0.0275    	312.4223  
1090      	99        	0.0287    	312.4510  
1091      	21        	0.3049    	312.7560  
1092      	107       	0.0658    	312.8221  
1093      	107       	0.0552    	312.8773  
1094      	99        	0.0267    	312.9040  
1095      	18        	0.0043    	312.9083  
1096      	104       	1.6176    	314.5259  
1097      	99        	0.0287    	314.5546  
1098      	105       	0.0287    	314.5833  
1099      	99        	0.0241    	314.6074  
1100      	106       	0.0294    	314.6368  
1101      	103       	1.6080    	316.2448  
1102      	17        	0.0051    	316.2533  
1103      	110       	0.0374    	316.2907  
1104      	106       	0.0303    	316.3210  
1105      	106       	0.0310    	316.3520  
1106      	103       	1.5994    	317.9514  
1107      	107       	0.0545    	318.0060  
1108      	112       	0.0316    	318.0376  
1109      	23        	0.0066    	318.0442  
1110      	103       	0.0295    	318.0737  
1111      	103       	1.6193    	319.6930  
1112      	97        	0.0588    	319.7520  
1113      	103       	0.0619    	319.8139  
1114      	103       	0.0611    	319.8750  
1115      	16        	0.0096    	319.8846  
1116      	106       	1.6557    	321.5403  
1117      	100       	0.0271    	321.5675  
1118      	95        	0.0326    	321.6001  
1119      	108       	0.0645    	321.6646  
1120      	96        	0.0560    	321.7206  
1121      	98        	1.5272    	323.2478  
1122      	105       	0.0315    	323.2795  
1123      	102       	0.0302    	323.3098  
1124      	101       	0.0289    	323.3387  
1125      	105       	0.0294    	323.3681  
1126      	105       	1.6375    	325.0056  
1127      	105       	0.0372    	325.0428  
1128      	109       	0.0368    	325.0797  
1129      	17        	0.0065    	325.0861  
1130      	110       	0.0324    	325.1185  
1131      	111       	1.7443    	326.8628  
1132      	105       	0.0290    	326.8919  
1133      	101       	0.0292    	326.9210  
1134      	112       	0.0315    	326.9525  
1135      	101       	0.0288    	326.9813  
1136      	109       	1.6991    	328.6804  
1137      	101       	0.0458    	328.7263  
1138      	107       	0.0675    	328.7938  
1139      	24        	0.0147    	328.8085  
1140      	112       	0.0687    	328.8773  
1141      	98        	1.5204    	330.3977  
1142      	102       	0.0289    	330.4268  
1143      	103       	0.0294    	330.4562  
1144      	103       	0.0287    	330.4848  
1145      	105       	0.0274    	330.5122  
1146      	112       	1.7535    	332.2657  
1147      	109       	0.0504    	332.3160  
1148      	103       	0.0463    	332.3623  
1149      	102       	0.0368    	332.3991  
1150      	106       	0.0479    	332.4470  
1151      	99        	1.5356    	333.9826  
1152      	99        	0.0273    	334.0132  
1153      	103       	0.0280    	334.0412  
1154      	108       	0.0422    	334.0834  
1155      	104       	0.0306    	334.1140  
1156      	101       	1.5732    	335.6872  
1157      	102       	0.0286    	335.7158  
1158      	105       	0.0305    	335.7463  
1159      	98        	0.0276    	335.7739  
1160      	104       	0.0304    	335.8042  
1161      	101       	1.5556    	337.3599  
1162      	103       	0.0306    	337.3906  
1163      	104       	0.0281    	337.4187  
1164      	110       	0.0338    	337.4525  
1165      	110       	0.0360    	337.4885  
1166      	106       	1.6485    	339.1370  
1167      	99        	0.0323    	339.1693  
1168      	109       	0.0303    	339.1996  
1169      	114       	0.0300    	339.2296  
1170      	101       	0.0295    	339.2590  
1171      	106       	1.6429    	340.9020  
1172      	101       	0.0287    	340.9308  
1173      	111       	0.0320    	340.9628  
1174      	113       	0.0308    	340.9936  
1175      	102       	0.0280    	341.0215  
1176      	103       	1.5977    	342.6192  
1177      	104       	0.0377    	342.6570  
1178      	100       	0.0282    	342.6851  
1179      	102       	0.0283    	342.7134  
1180      	98        	0.0473    	342.7606  
1181      	107       	1.6682    	344.4288  
1182      	108       	0.0307    	344.4597  
1183      	106       	0.0317    	344.4914  
1184      	104       	0.0301    	344.5215  
1185      	18        	0.0047    	344.5262  
1186      	116       	1.8025    	346.3288  
1187      	103       	0.0435    	346.3723  
1188      	103       	0.0296    	346.4019  
1189      	101       	0.0296    	346.4315  
1190      	111       	0.0326    	346.4641  
1191      	105       	1.6282    	348.0924  
1192      	106       	0.0279    	348.1204  
1193      	103       	0.0275    	348.1479  
1194      	100       	0.0273    	348.1752  
1195      	102       	0.0275    	348.2027  
1196      	97        	1.5096    	349.7123  
1197      	113       	0.0660    	349.7783  
1198      	116       	0.0388    	349.8171  
1199      	106       	0.0289    	349.8460  
1200      	103       	0.0271    	349.8731  
1201      	102       	1.5802    	351.4532  
1202      	102       	0.0276    	351.4843  
1203      	107       	0.0300    	351.5143  
1204      	113       	0.0323    	351.5466  
1205      	106       	0.0305    	351.5771  
1206      	109       	1.6886    	353.2656  
1207      	115       	0.0334    	353.2991  
1208      	102       	0.0279    	353.3270  
1209      	104       	0.0305    	353.3575  
1210      	104       	0.0287    	353.3862  
1211      	110       	1.7016    	355.0877  
1212      	96        	0.0628    	355.1507  
1213      	101       	0.0624    	355.2131  
1214      	112       	0.0709    	355.2840  
1215      	108       	0.0690    	355.3529  
1216      	108       	1.6810    	357.0340  
1217      	109       	0.0300    	357.0640  
1218      	102       	0.0279    	357.0919  
1219      	106       	0.0293    	357.1212  
1220      	106       	0.0302    	357.1514  
1221      	99        	1.5326    	358.6839  
1222      	111       	0.0314    	358.7154  
1223      	110       	0.0329    	358.7484  
1224      	104       	0.0289    	358.7773  
1225      	99        	0.0279    	358.8052  
1226      	104       	1.6117    	360.4169  
1227      	107       	0.0290    	360.4459  
1228      	105       	0.0335    	360.4794  
1229      	101       	0.0279    	360.5073  
1230      	102       	0.0290    	360.5363  
1231      	111       	1.7186    	362.2549  
1232      	108       	0.0411    	362.2963  
1233      	110       	0.0314    	362.3277  
1234      	153       	0.0432    	362.3709  
1235      	106       	0.0288    	362.3996  
1236      	102       	1.5881    	363.9878  
1237      	101       	0.0298    	364.0176  
1238      	109       	0.0299    	364.0475  
1239      	106       	0.0300    	364.0775  
1240      	109       	0.0314    	364.1089  
1241      	97        	1.4971    	365.6060  
1242      	98        	0.0290    	365.6352  
1243      	102       	0.0269    	365.6621  
1244      	101       	0.0293    	365.6913  
1245      	99        	0.0261    	365.7174  
1246      	105       	1.6401    	367.3575  
1247      	104       	0.0682    	367.4257  
1248      	103       	0.0631    	367.4888  
1249      	100       	0.0648    	367.5536  
1250      	110       	0.0705    	367.6241  
1251      	105       	1.6305    	369.2546  
1252      	29        	0.0082    	369.2664  
1253      	103       	0.0396    	369.3061  
1254      	106       	0.0533    	369.3594  
1255      	102       	0.0298    	369.3892  
1256      	101       	1.5669    	370.9561  
1257      	108       	0.0303    	370.9864  
1258      	99        	0.0280    	371.0144  
1259      	111       	0.0414    	371.0558  
1260      	106       	0.0342    	371.0900  
1261      	108       	1.6819    	372.7719  
1262      	111       	0.0321    	372.8041  
1263      	108       	0.0291    	372.8332  
1264      	108       	0.0311    	372.8643  
1265      	101       	0.0275    	372.8918  
1266      	103       	1.5961    	374.4879  
1267      	108       	0.0313    	374.5192  
1268      	111       	0.0307    	374.5499  
1269      	101       	0.0262    	374.5760  
1270      	109       	0.0311    	374.6072  
1271      	114       	1.7684    	376.3756  
1272      	102       	0.0636    	376.4393  
1273      	101       	0.0283    	376.4676  
1274      	116       	0.0545    	376.5221  
1275      	110       	0.0702    	376.5922  
1276      	111       	1.7158    	378.3081  
1277      	108       	0.0309    	378.3390  
1278      	104       	0.0301    	378.3691  
1279      	110       	0.0306    	378.3997  
1280      	100       	0.0276    	378.4272  
1281      	108       	1.6728    	380.1001  
1282      	112       	0.0323    	380.1325  
1283      	114       	0.0320    	380.1645  
1284      	105       	0.0346    	380.1990  
1285      	105       	0.0292    	380.2282  
1286      	111       	1.7296    	381.9578  
1287      	100       	0.0282    	381.9861  
1288      	120       	0.0336    	382.0196  
1289      	104       	0.0296    	382.0492  
1290      	110       	0.0306    	382.0798  
1291      	106       	1.6378    	383.7177  
1292      	109       	0.0297    	383.7475  
1293      	113       	0.0324    	383.7799  
1294      	103       	0.0275    	383.8074  
1295      	109       	0.0313    	383.8387  
1296      	114       	1.7687    	385.6074  
1297      	109       	0.0714    	385.6788  
1298      	107       	0.0717    	385.7505  
1299      	104       	0.0636    	385.8141  
1300      	109       	0.0327    	385.8468  
1301      	115       	1.7961    	387.6428  
1302      	112       	0.0328    	387.6800  
1303      	125       	0.0339    	387.7139  
1304      	116       	0.0324    	387.7463  
1305      	109       	0.0330    	387.7793  
1306      	114       	1.7713    	389.5506  
1307      	116       	0.0414    	389.5920  
1308      	110       	0.0304    	389.6224  
1309      	117       	0.0331    	389.6555  
1310      	113       	0.0327    	389.6882  
1311      	109       	1.6883    	391.3765  
1312      	118       	0.0357    	391.4124  
1313      	110       	0.0577    	391.4701  
1314      	188       	0.1221    	391.5922  
1315      	199       	0.1285    	391.7207  
1316      	239       	3.7390    	395.4597  
1317      	133       	0.0376    	395.4973  
1318      	112       	0.0313    	395.5286  
1319      	116       	0.0343    	395.5629  
1320      	113       	0.0315    	395.5944  
1321      	191       	2.9880    	398.5824  
1322      	116       	0.0353    	398.6179  
1323      	114       	0.0695    	398.6874  
1324      	118       	0.0743    	398.7616  
1325      	115       	0.0488    	398.8104  
1326      	122       	1.8952    	400.7056  
1327      	136       	0.0380    	400.7436  
1328      	113       	0.0320    	400.7756  
1329      	129       	0.0361    	400.8116  
1330      	120       	0.0347    	400.8463  
1331      	114       	1.7813    	402.6276  
1332      	107       	0.0396    	402.6673  
1333      	122       	0.0541    	402.7215  
1334      	139       	0.0376    	402.7591  
1335      	119       	0.0624    	402.8215  
1336      	145       	2.2732    	405.0947  
1337      	135       	0.0485    	405.1432  
1338      	129       	0.0406    	405.1837  
1339      	155       	0.0965    	405.2802  
1340      	114       	0.0712    	405.3514  
1341      	111       	1.7368    	407.0882  
1342      	131       	0.0384    	407.1268  
1343      	133       	0.0713    	407.1981  
1344      	125       	0.0786    	407.2767  
1345      	151       	0.0899    	407.3666  
1346      	232       	3.6334    	411.0000  
1347      	315       	0.1224    	411.1224  
1348      	121       	0.0536    	411.1759  
1349      	164       	0.0546    	411.2306  
1350      	244       	0.1149    	411.3455  
1351      	123       	1.9279    	413.2733  
1352      	183       	0.0568    	413.3337  
1353      	461       	0.2156    	413.5493  
1354      	126       	0.0360    	413.5853  
1355      	136       	0.0375    	413.6228  
1356      	130       	2.0265    	415.6493  
1357      	299       	0.1766    	415.8259  
1358      	334       	0.1778    	416.0037  
1359      	284       	0.0943    	416.0980  
1360      	500       	0.1397    	416.2376  
1361      	351       	5.4998    	421.7374  
1362      	288       	0.0988    	421.8364  
1363      	305       	0.0982    	421.9346  
1364      	500       	0.1535    	422.0881  
1365      	500       	0.1414    	422.2295  
1366      	467       	7.3076    	429.5371  
1367      	500       	0.1598    	429.6969  
1368      	500       	0.1405    	429.8374  
1369      	500       	0.1767    	430.0142  
1370      	500       	0.1592    	430.1734  
1371      	500       	7.8342    	438.0076  
1372      	500       	0.2739    	438.2817  
1373      	500       	0.3153    	438.5970  
1374      	500       	0.1645    	438.7616  
1375      	500       	0.1998    	438.9613  
1376      	500       	7.8432    	446.8045  
1377      	500       	0.1816    	446.9862  
1378      	500       	0.2217    	447.2078  
1379      	500       	0.1947    	447.4026  
1380      	500       	0.1859    	447.5885  
1381      	500       	7.8763    	455.4648  
1382      	500       	0.2339    	455.6989  
1383      	500       	0.2202    	455.9191  
1384      	500       	0.1370    	456.0561  
1385      	500       	0.1774    	456.2335  
1386      	500       	7.8754    	464.1089  
1387      	500       	0.1483    	464.2573  
1388      	500       	0.1468    	464.4041  
1389      	500       	0.1430    	464.5471  
1390      	500       	0.1405    	464.6876  
1391      	500       	7.8704    	472.5580  
1392      	500       	0.1389    	472.6972  
1393      	500       	0.1880    	472.8852  
1394      	500       	0.1476    	473.0328  
1395      	500       	0.2642    	473.2970  
1396      	500       	7.8483    	481.1452  
1397      	500       	0.2078    	481.3530  
1398      	500       	0.2253    	481.5783  
1399      	500       	0.2226    	481.8009  
1400      	500       	0.1506    	481.9515  
1401      	500       	7.8334    	489.7849  
1402      	500       	0.1378    	489.9269  
1403      	500       	0.1419    	490.0688  
1404      	500       	0.1458    	490.2147  
1405      	500       	0.1377    	490.3524  
1406      	500       	7.8362    	498.1886  
1407      	500       	0.1621    	498.3508  
1408      	500       	0.1852    	498.5359  
1409      	500       	0.2615    	498.7975  
1410      	500       	0.1449    	498.9424  
1411      	500       	7.8446    	506.7870  
1412      	500       	0.3042    	507.0914  
1413      	500       	0.2712    	507.3626  
1414      	500       	0.1570    	507.5196  
1415      	500       	0.1977    	507.7173  
1416      	500       	7.8656    	515.5829  
1417      	500       	0.2372    	515.8202  
1418      	500       	0.1637    	515.9838  
1419      	500       	0.1488    	516.1326  
1420      	500       	0.1873    	516.3199  
1421      	500       	7.8826    	524.2025  
1422      	500       	0.1482    	524.3508  
1423      	500       	0.1436    	524.4944  
1424      	500       	0.1486    	524.6430  
1425      	500       	0.1486    	524.7915  
1426      	500       	7.8701    	532.6617  
1427      	500       	0.4054    	533.0671  
1428      	500       	0.4020    	533.4691  
1429      	500       	0.2866    	533.7557  
1430      	500       	0.1473    	533.9030  
1431      	500       	7.8256    	541.7286  
1432      	500       	0.1478    	541.8765  
1433      	500       	0.1433    	542.0199  
1434      	500       	0.1455    	542.1654  
1435      	500       	0.2814    	542.4468  
1436      	500       	7.8581    	550.3048  
1437      	500       	0.2629    	550.5678  
1438      	500       	0.1469    	550.7147  
1439      	500       	0.2151    	550.9297  
1440      	500       	0.1909    	551.1207  
1441      	500       	7.8587    	558.9794  
1442      	500       	0.1564    	559.1360  
1443      	500       	0.2145    	559.3505  
1444      	500       	0.1707    	559.5212  
1445      	500       	0.1590    	559.6802  
1446      	500       	8.6929    	568.3731  
1447      	500       	0.2582    	568.6313  
1448      	500       	0.1809    	568.8121  
1449      	500       	0.1520    	568.9641  
1450      	500       	0.1533    	569.1174  
1451      	500       	7.8791    	576.9965  
1452      	500       	0.2797    	577.2819  
1453      	500       	0.3168    	577.5987  
1454      	500       	0.3122    	577.9109  
1455      	500       	0.2039    	578.1148  
1456      	500       	7.8880    	586.0029  
1457      	500       	0.2407    	586.2436  
1458      	500       	0.1491    	586.3927  
1459      	500       	0.1546    	586.5473  
1460      	500       	0.1458    	586.6931  
1461      	500       	7.8656    	594.5587  
1462      	500       	0.1848    	594.7436  
1463      	500       	0.1480    	594.8916  
1464      	274       	0.0835    	594.9751  
1465      	202       	0.0605    	595.0356  
1466      	500       	7.8536    	602.8891  
1467      	500       	0.2342    	603.1233  
1468      	500       	0.1497    	603.2731  
1469      	500       	0.1652    	603.4383  
1470      	500       	0.1499    	603.5882  
1471      	500       	7.8545    	611.4427  
1472      	500       	0.2207    	611.6635  
1473      	500       	0.1804    	611.8440  
1474      	500       	0.2003    	612.0442  
1475      	500       	0.1470    	612.1912  
1476      	500       	7.8544    	620.0456  
1477      	500       	0.3810    	620.4265  
1478      	500       	0.2820    	620.7086  
1479      	500       	0.3210    	621.0296  
1480      	500       	0.1568    	621.1864  
1481      	500       	7.8672    	629.0536  
1482      	500       	0.1553    	629.2091  
1483      	500       	0.2209    	629.4300  
1484      	500       	0.1808    	629.6108  
1485      	500       	0.1460    	629.7568  
1486      	500       	7.8674    	637.6242  
1487      	500       	0.2246    	637.8488  
1488      	500       	0.3253    	638.1741  
1489      	500       	0.2978    	638.4719  
1490      	500       	0.3823    	638.8542  
1491      	500       	7.8595    	646.7138  
1492      	482       	0.1416    	646.8555  
1493      	500       	0.1567    	647.0122  
1494      	500       	0.1540    	647.1662  
1495      	295       	0.0917    	647.2579  
1496      	500       	7.8641    	655.1220  
1497      	500       	0.2617    	655.3837  
1498      	500       	0.1482    	655.5319  
1499      	500       	0.1473    	655.6792  
1500      	101       	0.0315    	655.7107  
1501      	500       	7.8148    	663.5254  
1502      	500       	0.1541    	663.6854  
1503      	152       	0.0463    	663.7317  
1504      	78        	0.0234    	663.7550  
1505      	433       	0.2507    	664.0057  
1506      	500       	7.8516    	671.8573  
1507      	42        	0.0225    	671.8798  
1508      	110       	0.0832    	671.9630  
1509      	177       	0.1303    	672.0933  
1510      	388       	0.1175    	672.2108  
1511      	354       	5.5397    	677.7505  
1512      	500       	0.2553    	678.0060  
1513      	195       	0.0611    	678.0671  
1514      	112       	0.0335    	678.1006  
1515      	500       	0.1440    	678.2446  
1516      	500       	7.8500    	686.0946  
1517      	500       	0.2089    	686.3035  
1518      	500       	0.1565    	686.4600  
1519      	500       	0.1778    	686.6378  
1520      	500       	0.1471    	686.7850  
1521      	500       	7.8799    	694.6649  
1522      	500       	0.3738    	695.0390  
1523      	500       	0.2653    	695.3043  
1524      	500       	0.1461    	695.4504  
1525      	500       	0.1554    	695.6058  
1526      	500       	7.8832    	703.4890  
1527      	500       	0.1843    	703.6733  
1528      	500       	0.1774    	703.8506  
1529      	500       	0.1518    	704.0024  
1530      	33        	0.0110    	704.0135  
1531      	500       	7.8627    	711.8762  
1532      	500       	0.1708    	712.0472  
1533      	500       	0.2083    	712.2555  
1534      	500       	0.1509    	712.4063  
1535      	150       	0.0436    	712.4499  
1536      	500       	7.8538    	720.3037  
1537      	500       	0.1667    	720.4704  
1538      	500       	0.1468    	720.6172  
1539      	500       	0.1985    	720.8158  
1540      	500       	0.3432    	721.1590  
1541      	500       	7.8448    	729.0038  
1542      	500       	0.1996    	729.2036  
1543      	500       	0.1942    	729.3978  
1544      	500       	0.1507    	729.5485  
1545      	500       	0.1502    	729.6987  
1546      	500       	7.8562    	737.5549  
1547      	500       	0.1570    	737.7119  
1548      	500       	0.2274    	737.9393  
1549      	500       	0.3083    	738.2476  
1550      	500       	0.1670    	738.4145  
1551      	500       	7.8618    	746.2763  
1552      	487       	0.2012    	746.4817  
1553      	500       	0.3268    	746.8085  
1554      	500       	0.3448    	747.1533  
1555      	284       	0.1975    	747.3508  
1556      	500       	7.8941    	755.2450  
1557      	500       	0.2167    	755.4617  
1558      	500       	0.1978    	755.6594  
1559      	500       	0.1546    	755.8141  
1560      	500       	0.1513    	755.9654  
1561      	500       	7.8823    	763.8477  
1562      	500       	0.2395    	764.0874  
1563      	500       	0.3680    	764.4554  
1564      	500       	0.2326    	764.6881  
1565      	500       	0.2704    	764.9585  
1566      	500       	7.8560    	772.8145  
1567      	34        	0.0276    	772.8421  
1568      	500       	0.2743    	773.1165  
1569      	500       	0.1535    	773.2700  
1570      	500       	0.1684    	773.4384  
1571      	500       	7.8434    	781.2818  
1572      	500       	0.1878    	781.4698  
1573      	500       	0.1632    	781.6330  
1574      	500       	0.1502    	781.7832  
1575      	500       	0.1797    	781.9629  
1576      	500       	7.8525    	789.8155  
1577      	500       	0.2419    	790.0574  
1578      	500       	0.3766    	790.4340  
1579      	500       	0.2880    	790.7220  
1580      	306       	0.0922    	790.8142  
1581      	500       	7.8462    	798.6603  
1582      	500       	0.1622    	798.8227  
1583      	500       	0.1509    	798.9736  
1584      	500       	0.2896    	799.2633  
1585      	500       	0.1557    	799.4190  
1586      	500       	7.8805    	807.2995  
1587      	145       	0.0459    	807.3454  
1588      	500       	0.1517    	807.4971  
1589      	500       	0.1467    	807.6437  
1590      	500       	0.1515    	807.7952  
1591      	41        	0.6272    	808.4224  
1592      	500       	0.1582    	808.5807  
1593      	500       	0.1616    	808.7423  
1594      	391       	0.1188    	808.8611  
1595      	500       	0.1503    	809.0114  
1596      	500       	7.8758    	816.8872  
1597      	500       	0.1690    	817.0561  
1598      	500       	0.1930    	817.2492  
1599      	500       	0.2394    	817.4886  
1600      	500       	0.1465    	817.6351  
1601      	392       	6.1606    	823.7957  
1602      	470       	0.1433    	823.9456  
1603      	280       	0.0820    	824.0276  
1604      	393       	0.2079    	824.2355  
1605      	500       	0.2430    	824.4785  
1606      	199       	3.0966    	827.5751  
1607      	500       	0.1714    	827.7466  
1608      	360       	0.1525    	827.8991  
1609      	457       	0.1455    	828.0446  
1610      	500       	0.2412    	828.2857  
1611      	50        	0.7654    	829.0512  
1612      	500       	0.1557    	829.2070  
1613      	170       	0.0501    	829.2571  
1614      	356       	0.1066    	829.3637  
1615      	85        	0.0270    	829.3907  
1616      	500       	7.8539    	837.2445  
1617      	500       	0.1556    	837.4001  
1618      	500       	0.1529    	837.5530  
1619      	500       	0.1801    	837.7331  
1620      	500       	0.1736    	837.9067  
1621      	500       	7.8553    	845.7620  
1622      	500       	0.1565    	845.9187  
1623      	500       	0.1604    	846.0791  
1624      	111       	0.0342    	846.1133  
1625      	500       	0.1644    	846.2777  
1626      	384       	6.0148    	852.2925  
1627      	500       	0.1798    	852.4722  
1628      	500       	0.1484    	852.6206  
1629      	500       	0.1449    	852.7655  
1630      	230       	0.0702    	852.8357  
1631      	500       	7.8719    	860.7077  
1632      	500       	0.2410    	860.9488  
1633      	500       	0.1535    	861.1023  
1634      	48        	0.0138    	861.1161  
1635      	70        	0.0198    	861.1359  
1636      	296       	4.6483    	865.7842  
1637      	500       	0.2486    	866.0328  
1638      	500       	0.2468    	866.2796  
1639      	500       	0.1576    	866.4371  
1640      	500       	0.1646    	866.6017  
1641      	359       	5.6478    	872.2495  
1642      	137       	0.0538    	872.3035  
1643      	500       	0.1820    	872.4855  
1644      	118       	0.0382    	872.5237  
1645      	500       	0.1875    	872.7112  
1646      	260       	4.0861    	876.7973  
1647      	500       	0.2023    	876.9996  
1648      	500       	0.1589    	877.1585  
1649      	486       	0.1598    	877.3183  
1650      	187       	0.0563    	877.3747  
1651      	500       	7.8667    	885.2413  
1652      	500       	0.1553    	885.4012  
1653      	500       	0.1749    	885.5761  
1654      	500       	0.2996    	885.8757  
1655      	500       	0.2738    	886.1495  
1656      	170       	2.6414    	888.7909  
1657      	500       	0.1778    	888.9687  
1658      	500       	0.1557    	889.1244  
1659      	500       	0.1710    	889.2954  
1660      	500       	0.1592    	889.4546  
1661      	150       	2.3269    	891.7815  
1662      	500       	0.2102    	891.9918  
1663      	500       	0.1513    	892.1431  
1664      	500       	0.1697    	892.3128  
1665      	500       	0.1999    	892.5127  
1666      	500       	7.8423    	900.3550  
1667      	500       	0.1563    	900.5113  
1668      	500       	0.1545    	900.6658  
1669      	424       	0.1404    	900.8062  
1670      	308       	0.1043    	900.9105  
1671      	500       	7.8532    	908.7637  
1672      	500       	0.2089    	908.9728  
1673      	228       	0.0704    	909.0432  
1674      	500       	0.1534    	909.1966  
1675      	500       	0.1812    	909.3778  
1676      	500       	7.8431    	917.2209  
1677      	500       	0.3692    	917.5901  
1678      	500       	0.4094    	917.9995  
1679      	350       	0.1451    	918.1447  
1680      	500       	0.1529    	918.2976  
1681      	500       	7.8743    	926.1719  
1682      	500       	0.1874    	926.3595  
1683      	500       	0.1626    	926.5220  
1684      	500       	0.1512    	926.6733  
1685      	500       	0.1479    	926.8212  
1686      	500       	7.8960    	934.7172  
1687      	500       	0.2505    	934.9677  
1688      	500       	0.3727    	935.3404  
1689      	112       	0.0331    	935.3735  
1690      	178       	0.0519    	935.4254  
1691      	355       	5.5639    	940.9893  
1692      	500       	0.2069    	941.1964  
1693      	500       	0.1590    	941.3554  
1694      	500       	0.1516    	941.5070  
1695      	56        	0.0166    	941.5235  
1696      	71        	1.0893    	942.6128  
1697      	500       	0.1634    	942.7762  
1698      	500       	0.2072    	942.9834  
1699      	259       	0.0878    	943.0712  
1700      	500       	0.1484    	943.2196  
1701      	500       	7.8468    	951.0664  
1702      	55        	0.0251    	951.0965  
1703      	500       	0.2167    	951.3132  
1704      	137       	0.0454    	951.3586  
1705      	500       	0.3621    	951.7206  
1706      	364       	5.6966    	957.4172  
1707      	169       	0.0720    	957.4892  
1708      	500       	0.1997    	957.6889  
1709      	500       	0.1768    	957.8657  
1710      	130       	0.0394    	957.9052  
1711      	215       	3.3632    	961.2684  
1712      	76        	0.0242    	961.2928  
1713      	427       	0.1318    	961.4246  
1714      	161       	0.0476    	961.4722  
1715      	85        	0.0248    	961.4971  
1716      	114       	1.7694    	963.2664  
1717      	427       	0.1264    	963.3928  
1718      	173       	0.0941    	963.4869  
1719      	212       	0.1531    	963.6400  
1720      	234       	0.0735    	963.7135  
1721      	303       	4.7372    	968.4507  
1722      	346       	0.1133    	968.5642  
1723      	291       	0.0958    	968.6600  
1724      	433       	0.1337    	968.7937  
1725      	107       	0.0334    	968.8271  
1726      	26        	0.3952    	969.2223  
1727      	44        	0.0216    	969.2439  
1728      	111       	0.0337    	969.2776  
1729      	360       	0.1535    	969.4312  
1730      	500       	0.3377    	969.7688  
1731      	500       	7.8755    	977.6443  
1732      	40        	0.0141    	977.6586  
1733      	428       	0.1472    	977.8057  
1734      	500       	0.2214    	978.0271  
1735      	500       	0.2139    	978.2411  
1736      	108       	1.6751    	979.9162  
1737      	108       	0.0545    	979.9707  
1738      	466       	0.1467    	980.1174  
1739      	73        	0.0225    	980.1399  
1740      	500       	0.2386    	980.3784  
1741      	500       	7.8712    	988.2496  
1742      	488       	0.3859    	988.6356  
1743      	53        	0.0443    	988.6799  
1744      	500       	0.3387    	989.0186  
1745      	31        	0.0099    	989.0285  
1746      	417       	6.5447    	995.5732  
1747      	500       	0.2024    	995.7756  
1748      	500       	0.3535    	996.1291  
1749      	172       	0.0518    	996.1809  
1750      	76        	0.0228    	996.2037  
1751      	500       	7.8493    	1004.0530 
1752      	500       	0.1512    	1004.2089 
1753      	495       	0.1483    	1004.3572 
1754      	116       	0.0350    	1004.3922 
1755      	500       	0.3867    	1004.7789 
1756      	325       	5.0679    	1009.8468 
1757      	130       	0.0402    	1009.8871 
1758      	500       	0.1509    	1010.0380 
1759      	500       	0.1499    	1010.1879 
1760      	311       	0.1026    	1010.2905 
1761      	87        	1.3492    	1011.6397 
1762      	331       	0.1056    	1011.7454 
1763      	184       	0.0543    	1011.7997 
1764      	267       	0.1001    	1011.8998 
1765      	351       	0.1078    	1012.0076 
1766      	500       	7.8476    	1019.8552 
1767      	36        	0.0122    	1019.8674 
1768      	72        	0.0205    	1019.8879 
1769      	500       	0.1576    	1020.0455 
1770      	148       	0.0451    	1020.0906 
1771      	275       	4.3020    	1024.3926 
1772      	169       	0.1211    	1024.5139 
1773      	211       	0.1747    	1024.6886 
1774      	247       	0.2070    	1024.8956 
1775      	404       	0.2880    	1025.1836 
1776      	263       	4.1079    	1029.2915 
1777      	105       	0.0874    	1029.3789 
1778      	131       	0.1051    	1029.4840 
1779      	500       	0.4002    	1029.8843 
1780      	500       	0.2972    	1030.1815 
1781      	299       	4.6795    	1034.8609 
1782      	335       	0.1354    	1034.9965 
1783      	41        	0.0367    	1035.0332 
1784      	315       	0.1943    	1035.2275 
1785      	76        	0.0246    	1035.2521 
1786      	35        	0.5329    	1035.7850 
1787      	34        	0.0282    	1035.8132 
1788      	362       	0.1107    	1035.9239 
1789      	225       	0.1196    	1036.0434 
1790      	95        	0.0793    	1036.1227 
1791      	149       	2.3225    	1038.4452 
1792      	283       	0.1004    	1038.5459 
1793      	162       	0.0527    	1038.5986 
1794      	219       	0.1176    	1038.7162 
1795      	376       	0.3182    	1039.0345 
1796      	86        	1.3323    	1040.3668 
1797      	237       	0.1027    	1040.4695 
1798      	280       	0.1036    	1040.5730 
1799      	35        	0.0118    	1040.5849 
1800      	324       	0.1025    	1040.6874 
1801      	76        	1.1799    	1041.8673 
1802      	45        	0.0232    	1041.8950 
1803      	121       	0.1023    	1041.9973 
1804      	500       	0.4261    	1042.4234 
1805      	398       	0.3341    	1042.7575 
1806      	114       	1.7766    	1044.5341 
1807      	104       	0.0332    	1044.5673 
1808      	342       	0.1178    	1044.6852 
1809      	250       	0.0813    	1044.7664 
1810      	270       	0.1063    	1044.8727 
1811      	196       	3.0712    	1047.9439 
1812      	500       	0.2322    	1048.1763 
1813      	318       	0.1143    	1048.2905 
1814      	500       	0.2144    	1048.5050 
1815      	110       	0.0359    	1048.5408 
1816      	358       	5.6287    	1054.1695 
1817      	241       	0.0755    	1054.2450 
1818      	500       	0.1578    	1054.4028 
1819      	137       	0.0432    	1054.4460 
1820      	500       	0.1752    	1054.6213 
1821      	59        	0.9035    	1055.5248 
1822      	356       	0.1173    	1055.6424 
1823      	277       	0.0938    	1055.7362 
1824      	500       	0.2594    	1055.9956 
1825      	500       	0.4257    	1056.4212 
1826      	227       	3.5599    	1059.9812 
1827      	198       	0.0605    	1060.0417 
1828      	500       	0.1635    	1060.2052 
1829      	500       	0.1556    	1060.3608 
1830      	500       	0.1508    	1060.5116 
1831      	500       	7.8478    	1068.3593 
1832      	500       	0.2634    	1068.6230 
1833      	206       	0.0629    	1068.6858 
1834      	500       	0.1687    	1068.8545 
1835      	500       	0.2270    	1069.0815 
1836      	500       	7.8334    	1076.9149 
1837      	500       	0.1543    	1077.0692 
1838      	500       	0.1524    	1077.2216 
1839      	500       	0.3039    	1077.5255 
1840      	500       	0.2315    	1077.7570 
1841      	500       	7.8560    	1085.6131 
1842      	500       	0.3894    	1086.0026 
1843      	500       	0.4344    	1086.4369 
1844      	73        	0.0479    	1086.4848 
1845      	240       	0.0785    	1086.5633 
1846      	500       	7.8773    	1094.4405 
1847      	500       	0.1752    	1094.6157 
1848      	500       	0.1568    	1094.7725 
1849      	500       	0.2604    	1095.0329 
1850      	500       	0.2198    	1095.2527 
1851      	500       	7.8779    	1103.1306 
1852      	18        	0.0054    	1103.1431 
1853      	500       	0.1561    	1103.2992 
1854      	460       	0.1464    	1103.4456 
1855      	500       	0.2140    	1103.6596 
1856      	500       	7.8719    	1111.5315 
1857      	500       	0.1747    	1111.7062 
1858      	500       	0.1699    	1111.8761 
1859      	500       	0.1586    	1112.0348 
1860      	500       	0.1612    	1112.1960 
1861      	500       	7.8471    	1120.0431 
1862      	500       	0.1669    	1120.2103 
1863      	500       	0.1806    	1120.3908 
1864      	500       	0.2807    	1120.6716 
1865      	500       	0.1747    	1120.8463 
1866      	500       	7.8515    	1128.6977 
1867      	408       	0.1407    	1128.8384 
1868      	500       	0.1806    	1129.0190 
1869      	110       	0.0959    	1129.1149 
1870      	500       	0.2557    	1129.3705 
1871      	500       	7.8514    	1137.2219 
1872      	500       	0.1575    	1137.3797 
1873      	500       	0.1521    	1137.5318 
1874      	500       	0.2083    	1137.7401 
1875      	500       	0.1544    	1137.8945 
1876      	500       	7.8459    	1145.7404 
1877      	500       	0.1642    	1145.9046 
1878      	500       	0.2180    	1146.1226 
1879      	360       	0.1181    	1146.2407 
1880      	500       	0.2444    	1146.4851 
1881      	500       	7.8749    	1154.3599 
1882      	500       	0.2596    	1154.6198 
1883      	500       	0.1801    	1154.7998 
1884      	396       	0.1260    	1154.9258 
1885      	500       	0.1526    	1155.0784 
1886      	495       	7.7914    	1162.8698 
1887      	500       	0.1645    	1163.0343 
1888      	275       	0.1348    	1163.1691 
1889      	175       	0.0537    	1163.2228 
1890      	500       	0.1541    	1163.3770 
1891      	29        	0.4386    	1163.8156 
1892      	336       	0.1159    	1163.9319 
1893      	500       	0.2048    	1164.1366 
1894      	222       	0.1895    	1164.3261 
1895      	500       	0.4091    	1164.7352 
1896      	416       	6.5382    	1171.2733 
1897      	500       	0.1720    	1171.4453 
1898      	217       	0.0659    	1171.5113 
1899      	500       	0.1518    	1171.6630 
1900      	143       	0.0419    	1171.7049 
1901      	500       	7.8714    	1179.5763 
1902      	263       	0.0995    	1179.6808 
1903      	46        	0.0142    	1179.6950 
1904      	500       	0.1609    	1179.8559 
1905      	385       	0.2125    	1180.0684 
1906      	353       	5.5312    	1185.5996 
